0.0000 0.0000 0.0000 0.0000 
0.2000 0.0773 0.0627 0.1399 
0.4000 0.1469 0.1243 0.2713 
0.6000 0.2023 0.1841 0.3863 
0.8000 0.2378 0.2409 0.4786 
1.0000 0.2500 0.2939 0.5439 
1.2000 0.2378 0.3423 0.5800 
1.4000 0.2023 0.3853 0.5875 
1.6000 0.1469 0.4222 0.5691 
1.8000 0.0773 0.4524 0.5297 
2.0000 -0.0000 0.4755 0.4755 
2.2000 -0.0773 0.4911 0.4139 
2.4000 -0.1469 0.4990 0.3521 
2.6000 -0.2023 0.4990 0.2968 
2.8000 -0.2378 0.4911 0.2534 
3.0000 -0.2500 0.4755 0.2255 
3.2000 -0.2378 0.4524 0.2146 
3.4000 -0.2023 0.4222 0.2199 
3.6000 -0.1469 0.3853 0.2383 
3.8000 -0.0773 0.3423 0.2650 
4.0000 0.0000 0.2939 0.2939 
4.2000 0.0773 0.2409 0.3181 
4.4000 0.1469 0.1841 0.3310 
4.6000 0.2023 0.1243 0.3266 
4.8000 0.2378 0.0627 0.3004 
5.0000 0.2500 -0.0000 0.2500 
5.2000 0.2378 -0.0627 0.1751 
5.4000 0.2023 -0.1243 0.0779 
5.6000 0.1469 -0.1841 -0.0371 
5.8000 0.0773 -0.2409 -0.1636 
6.0000 -0.0000 -0.2939 -0.2939 
6.2000 -0.0773 -0.3423 -0.4195 
6.4000 -0.1469 -0.3853 -0.5322 
6.6000 -0.2023 -0.4222 -0.6244 
6.8000 -0.2378 -0.4524 -0.6902 
7.0000 -0.2500 -0.4755 -0.7255 
7.2000 -0.2378 -0.4911 -0.7289 
7.4000 -0.2023 -0.4990 -0.7013 
7.6000 -0.1469 -0.4990 -0.6460 
7.8000 -0.0773 -0.4911 -0.5684 
8.0000 0.0000 -0.4755 -0.4755 
8.2000 0.0773 -0.4524 -0.3752 
8.4000 0.1469 -0.4222 -0.2752 
8.6000 0.2023 -0.3853 -0.1830 
8.8000 0.2378 -0.3423 -0.1045 
9.0000 0.2500 -0.2939 -0.0439 
9.2000 0.2378 -0.2409 -0.0031 
9.4000 0.2023 -0.1841 0.0182 
9.6000 0.1469 -0.1243 0.0226 
9.8000 0.0773 -0.0627 0.0146 
10.0000 -0.0000 0.0000 -0.0000 
10.2000 -0.0773 0.0627 -0.0146 
10.4000 -0.1469 0.1243 -0.0226 
10.6000 -0.2023 0.1841 -0.0182 
10.8000 -0.2378 0.2409 0.0031 
11.0000 -0.2500 0.2939 0.0439 
11.2000 -0.2378 0.3423 0.1045 
11.4000 -0.2023 0.3853 0.1830 
11.6000 -0.1469 0.4222 0.2752 
11.8000 -0.0773 0.4524 0.3752 
12.0000 0.0000 0.4755 0.4755 
12.2000 0.0773 0.4911 0.5684 
12.4000 0.1469 0.4990 0.6460 
12.6000 0.2023 0.4990 0.7013 
12.8000 0.2378 0.4911 0.7289 
13.0000 0.2500 0.4755 0.7255 
13.2000 0.2378 0.4524 0.6902 
13.4000 0.2023 0.4222 0.6244 
13.6000 0.1469 0.3853 0.5322 
13.8000 0.0773 0.3423 0.4195 
14.0000 -0.0000 0.2939 0.2939 
14.2000 -0.0773 0.2409 0.1636 
14.4000 -0.1469 0.1841 0.0371 
14.6000 -0.2023 0.1243 -0.0779 
14.8000 -0.2378 0.0627 -0.1751 
15.0000 -0.2500 -0.0000 -0.2500 
15.2000 -0.2378 -0.0627 -0.3004 
15.4000 -0.2023 -0.1243 -0.3266 
15.6000 -0.1469 -0.1841 -0.3310 
15.8000 -0.0773 -0.2409 -0.3181 
16.0000 0.0000 -0.2939 -0.2939 
16.2000 0.0773 -0.3423 -0.2650 
16.4000 0.1469 -0.3853 -0.2383 
16.6000 0.2023 -0.4222 -0.2199 
16.8000 0.2378 -0.4524 -0.2146 
17.0000 0.2500 -0.4755 -0.2255 
17.2000 0.2378 -0.4911 -0.2534 
17.4000 0.2023 -0.4990 -0.2968 
17.6000 0.1469 -0.4990 -0.3521 
17.8000 0.0773 -0.4911 -0.4139 
18.0000 -0.0000 -0.4755 -0.4755 
18.2000 -0.0773 -0.4524 -0.5297 
18.4000 -0.1469 -0.4222 -0.5691 
18.6000 -0.2023 -0.3853 -0.5875 
18.8000 -0.2378 -0.3423 -0.5800 
19.0000 -0.2500 -0.2939 -0.5439 
19.2000 -0.2378 -0.2409 -0.4786 
19.4000 -0.2023 -0.1841 -0.3863 
19.6000 -0.1469 -0.1243 -0.2713 
19.8000 -0.0773 -0.0627 -0.1399 
20.0000 0.0000 0.0000 0.0000 
20.2000 0.0773 0.0627 0.1399 
20.4000 0.1469 0.1243 0.2713 
20.6000 0.2023 0.1841 0.3863 
20.8000 0.2378 0.2409 0.4786 
21.0000 0.2500 0.2939 0.5439 
21.2000 0.2378 0.3423 0.5800 
21.4000 0.2023 0.3853 0.5875 
21.6000 0.1469 0.4222 0.5691 
21.8000 0.0773 0.4524 0.5297 
22.0000 -0.0000 0.4755 0.4755 
22.2000 -0.0773 0.4911 0.4139 
22.4000 -0.1469 0.4990 0.3521 
22.6000 -0.2023 0.4990 0.2968 
22.8000 -0.2378 0.4911 0.2534 
23.0000 -0.2500 0.4755 0.2255 
23.2000 -0.2378 0.4524 0.2146 
23.4000 -0.2023 0.4222 0.2199 
23.6000 -0.1469 0.3853 0.2383 
23.8000 -0.0773 0.3423 0.2650 
24.0000 0.0000 0.2939 0.2939 
24.2000 0.0773 0.2409 0.3181 
24.4000 0.1469 0.1841 0.3310 
24.6000 0.2023 0.1243 0.3266 
24.8000 0.2378 0.0627 0.3004 
25.0000 0.2500 -0.0000 0.2500 
25.2000 0.2378 -0.0627 0.1751 
25.4000 0.2023 -0.1243 0.0779 
25.6000 0.1469 -0.1841 -0.0371 
25.8000 0.0773 -0.2409 -0.1636 
26.0000 -0.0000 -0.2939 -0.2939 
26.2000 -0.0773 -0.3423 -0.4195 
26.4000 -0.1469 -0.3853 -0.5322 
26.6000 -0.2023 -0.4222 -0.6244 
26.8000 -0.2378 -0.4524 -0.6902 
27.0000 -0.2500 -0.4755 -0.7255 
27.2000 -0.2378 -0.4911 -0.7289 
27.4000 -0.2023 -0.4990 -0.7013 
27.6000 -0.1469 -0.4990 -0.6460 
27.8000 -0.0773 -0.4911 -0.5684 
28.0000 0.0000 -0.4755 -0.4755 
28.2000 0.0773 -0.4524 -0.3752 
28.4000 0.1469 -0.4222 -0.2752 
28.6000 0.2023 -0.3853 -0.1830 
28.8000 0.2378 -0.3423 -0.1045 
29.0000 0.2500 -0.2939 -0.0439 
29.2000 0.2378 -0.2409 -0.0031 
29.4000 0.2023 -0.1841 0.0182 
29.6000 0.1469 -0.1243 0.0226 
29.8000 0.0773 -0.0627 0.0146 
30.0000 -0.0000 0.0000 -0.0000 
30.2000 -0.0773 0.0627 -0.0146 
30.4000 -0.1469 0.1243 -0.0226 
30.6000 -0.2023 0.1841 -0.0182 
30.8000 -0.2378 0.2409 0.0031 
31.0000 -0.2500 0.2939 0.0439 
31.2000 -0.2378 0.3423 0.1045 
31.4000 -0.2023 0.3853 0.1830 
31.6000 -0.1469 0.4222 0.2752 
31.8000 -0.0773 0.4524 0.3752 
32.0000 0.0000 0.4755 0.4755 
32.2000 0.0773 0.4911 0.5684 
32.4000 0.1469 0.4990 0.6460 
32.6000 0.2023 0.4990 0.7013 
32.8000 0.2378 0.4911 0.7289 
33.0000 0.2500 0.4755 0.7255 
33.2000 0.2378 0.4524 0.6902 
33.4000 0.2023 0.4222 0.6244 
33.6000 0.1469 0.3853 0.5322 
33.8000 0.0773 0.3423 0.4195 
34.0000 -0.0000 0.2939 0.2939 
34.2000 -0.0773 0.2409 0.1636 
34.4000 -0.1469 0.1841 0.0371 
34.6000 -0.2023 0.1243 -0.0779 
34.8000 -0.2378 0.0627 -0.1751 
35.0000 -0.2500 -0.0000 -0.2500 
35.2000 -0.2378 -0.0627 -0.3004 
35.4000 -0.2023 -0.1243 -0.3266 
35.6000 -0.1469 -0.1841 -0.3310 
35.8000 -0.0773 -0.2409 -0.3181 
36.0000 0.0000 -0.2939 -0.2939 
36.2000 0.0773 -0.3423 -0.2650 
36.4000 0.1469 -0.3853 -0.2383 
36.6000 0.2023 -0.4222 -0.2199 
36.8000 0.2378 -0.4524 -0.2146 
37.0000 0.2500 -0.4755 -0.2255 
37.2000 0.2378 -0.4911 -0.2534 
37.4000 0.2023 -0.4990 -0.2968 
37.6000 0.1469 -0.4990 -0.3521 
37.8000 0.0773 -0.4911 -0.4139 
38.0000 -0.0000 -0.4755 -0.4755 
38.2000 -0.0773 -0.4524 -0.5297 
38.4000 -0.1469 -0.4222 -0.5691 
38.6000 -0.2023 -0.3853 -0.5875 
38.8000 -0.2378 -0.3423 -0.5800 
39.0000 -0.2500 -0.2939 -0.5439 
39.2000 -0.2378 -0.2409 -0.4786 
39.4000 -0.2023 -0.1841 -0.3863 
39.6000 -0.1469 -0.1243 -0.2713 
39.8000 -0.0773 -0.0627 -0.1399 
